21
68 94 91 326 -15 -156
205 94 91 327 -15 -157
342 94 91 327 -15 -157

506 90 124 331 -32 -161
703 94 184 332 -62 -162
960 94 169 332 -54 -162
1187 94 123 337 -31 -167
1368 94 177 339 -58 -169
1618 95 105 338 -22 -168

1822 95 122 349 -31 -179
2038 95 122 349 -31 -179
2233 95 124 350 -32 -180

2430 95 105 357 -22 -187

2594 107 116 384 -28 -214

2860 90 159 484 -49 -314
3092 95 284 486 -112 -316
3435 252 268 329 -104 -159
3748 245 283 329 -111 -159

4104 256 134 325 -37 -155
4297 256 229 329 -84 -159

4552 256 213 329 -76 -159
