13
2 3 1
3 28 43 63 0 0
54 27 43 64 0 -1

5 10 1
105 29 43 63 0 0
156 29 49 63 -3 0
213 28 55 64 -6 -1
276 29 49 64 -3 -1
333 29 43 64 0 -1

4 15 0
384 30 39 63 2 0
431 30 52 63 -12 0
491 30 63 63 -22 0
562 4 45 89 -3 -26

1 2 0
615 1 29 92 15 -29

4 15 0
652 1 28 92 15 -29
688 11 47 82 7 -19
743 6 67 87 5 -24
818 20 93 73 5 -10

4 10 0
921 30 50 63 -3 0
979 30 65 63 -3 0
1052 30 68 63 -3 0
1128 24 67 69 -3 -6

1 0 1
1203 11 68 82 -3 -19

2 6 0
1279 30 48 63 0 0
1335 30 58 63 0 0

1 1 1
1401 30 70 63 0 0

1 1 0
1479 35 43 58 0 5

1 15 0
1530 25 46 68 0 -5

1 3 0
1584 25 49 68 1 -5

3 15 0
1641 30 51 63 15 0
1700 28 51 65 17 -2
1759 29 52 64 17 -1